/Users/zhudx/Documents/Storz_Lab/Lab_notebook/EPEC_sRNA_project/genomes/phages/Enterobacteria_phage_YYZ-2008.fasta /Users/zhudx/Documents/Storz_Lab/Lab_notebook/Exp047/inputs/E2348_prophages.fa
NUCMER

    [S1]     [E1]  |     [S2]     [E2]  |  [LEN 1]  [LEN 2]  |  [% IDY]  | [TAGS]
=====================================================================================
    4016     4108  |     2338     2430  |       93       93  |    95.70  | NC_011356.1	E2348C_PP_4
    7618     8181  |     5605     6167  |      564      563  |    97.52  | NC_011356.1	E2348C_PP_4
    8480     9238  |     6644     7407  |      759      764  |    94.37  | NC_011356.1	E2348C_PP_4
   10567    12028  |     8341     9802  |     1462     1462  |    96.79  | NC_011356.1	E2348C_PP_4
   15280    16418  |    12117    13255  |     1139     1139  |    94.29  | NC_011356.1	E2348C_PP_4
   17628    18171  |    13596    14139  |      544      544  |    89.91  | NC_011356.1	E2348C_PP_4
   23917    24114  |    17415    17612  |      198      198  |    92.42  | NC_011356.1	E2348C_PP_4
   43779    44519  |    33500    34240  |      741      741  |    86.69  | NC_011356.1	E2348C_PP_4
   48800    50403  |    38524    40129  |     1604     1606  |    95.14  | NC_011356.1	E2348C_PP_4
   50403    51083  |    40273    40955  |      681      683  |    92.99  | NC_011356.1	E2348C_PP_4
   21622    22336  |    21010    21724  |      715      715  |    89.23  | NC_011356.1	E2348C_PP_5
   22550    23487  |    21938    22875  |      938      938  |    93.29  | NC_011356.1	E2348C_PP_5
   23658    23871  |    22891    23105  |      214      215  |    94.88  | NC_011356.1	E2348C_PP_5
   23871    24114  |    25375    25618  |      244      244  |    97.95  | NC_011356.1	E2348C_PP_5
   26532    26711  |    27255    27434  |      180      180  |    92.78  | NC_011356.1	E2348C_PP_5
   48800    50403  |    37272    38877  |     1604     1606  |    95.14  | NC_011356.1	E2348C_PP_5
   50403    51062  |    39021    39681  |      660      661  |    95.61  | NC_011356.1	E2348C_PP_5
    4175     4289  |     3759     3873  |      115      115  |    95.65  | NC_011356.1	E2348C_PP_2
    7618     8217  |     6851     7448  |      600      598  |    98.67  | NC_011356.1	E2348C_PP_2
   11677    11947  |    10950    11220  |      271      271  |    93.36  | NC_011356.1	E2348C_PP_2
   16223    16418  |    14698    14893  |      196      196  |    96.43  | NC_011356.1	E2348C_PP_2
   21629    24114  |    20620    23105  |     2486     2486  |    96.66  | NC_011356.1	E2348C_PP_2
   43779    44526  |    39699    40446  |      748      748  |    86.15  | NC_011356.1	E2348C_PP_2
   48800    50403  |    44416    46021  |     1604     1606  |    95.14  | NC_011356.1	E2348C_PP_2
   50403    51053  |    46165    46815  |      651      651  |    95.86  | NC_011356.1	E2348C_PP_2
   21503    23478  |    17580    19561  |     1976     1982  |    92.59  | NC_011356.1	E2348C_PP_6
   23917    24165  |    19715    19963  |      249      249  |    85.54  | NC_011356.1	E2348C_PP_6
   24499    25155  |    20316    20971  |      657      656  |    92.25  | NC_011356.1	E2348C_PP_6
   26055    26513  |    21519    21977  |      459      459  |    90.85  | NC_011356.1	E2348C_PP_6
   26532    26707  |    22250    22425  |      176      176  |    96.02  | NC_011356.1	E2348C_PP_6
   26984    42094  |    22505    37614  |    15111    15110  |    96.34  | NC_011356.1	E2348C_PP_6
   43779    45127  |    37645    38996  |     1349     1352  |    92.97  | NC_011356.1	E2348C_PP_6
   45336    47583  |    39183    41427  |     2248     2245  |    92.58  | NC_011356.1	E2348C_PP_6
   48730    49441  |    42571    43282  |      712      712  |    91.85  | NC_011356.1	E2348C_PP_6
   49545    50400  |    43473    44328  |      856      856  |    93.12  | NC_011356.1	E2348C_PP_6
   50403    51054  |    44439    45090  |      652      652  |    96.93  | NC_011356.1	E2348C_PP_6
   50915    51053  |    49232    49371  |      139      140  |    93.57  | NC_011356.1	E2348C_PP_6
